{
 "cells": [
  {
   "cell_type": "markdown",
   "metadata": {
    "slideshow": {
     "slide_type": "slide"
    }
   },
   "source": [
    "# Optimization with JuMP in Julia\n",
    "<table>\n",
    "<tr>\n",
    "<td> <a href=\"http://www.sloansportsconference.com\"><img src=\"figures/ssac.jpg\" alt=\"SSAC\" style=\"max-height: 150px;\"/> </a></td>\n",
    "<td> <a href=\"http://julialang.org\"><img src=\"figures/julia.png\" alt=\"Julia\" style=\"max-height: 150px;\"/></a></td>\n",
    " <td> <a href=\"https://github.com/JuliaOpt/JuMP.jl\"><img src=\"figures/jump.png\" alt=\"IJulia\" style=\"max-height: 150px;\"/></a></td>\n",
    "<td> <a href=\"http://jupyter.org\"><img src=\"figures/jupyter.png\" alt=\"Jupyter\" style=\"max-height: 150px;\"/></a></td>\n",
    "</tr></table>\n",
    "\n",
    "### *Sebastien Martin*\n",
    "PhD Candidate in Operations Research, MIT Sloan. \n",
    "\n",
    "*Website*: **[http://sebmart.github.io](http://sebmart.github.io)**"
   ]
  },
  {
   "cell_type": "markdown",
   "metadata": {
    "slideshow": {
     "slide_type": "skip"
    }
   },
   "source": [
    "\n",
    "-----------------------------------\n",
    "\n",
    "This IJulia/Jupyter notebook is an introduction to the **Julia** language and its optimization package **JuMP**, with examples in Sports Analytics. The notebook was made for the 1-hour workshop *Optimization with JuMP in Julia* at the  [2018 MIT Sloan Sports Analytics Conference (SSAC2018)](http://www.sloansportsconference.com/), presented by Sebastien Martin.\n",
    "\n",
    "\n",
    "It is distributed with OpenSource/MIT license, at [https://github.com/sebmart/optimization_jump_julia](https://github.com/sebmart/optimization_jump_julia).\n",
    "\n",
    "The notebook features a quick overview of Julia and JuMP, with many links to more specific, thorough material. We hope readers will use this resource as a reference. It is also optimized to be presented as a slide-deck with [RISE](https://github.com/damianavila/RISE). It was built for Julia 0.6.\n",
    "\n",
    "This notebook also includes open-source contributions from [Arthur Delarue](https://adelarue.github.io/) and [Miles Lubin](https://mlubin.github.io/).\n",
    "\n",
    "-----------------------------------\n",
    "\n",
    "To learn how to write Julia code and run this notebook by yourself, please refer to the Appendix 1, 2 and 3 at the end of this notebook.\n",
    "\n",
    "____________________________________"
   ]
  },
  {
   "cell_type": "markdown",
   "metadata": {
    "slideshow": {
     "slide_type": "skip"
    }
   },
   "source": [
    "To be able to run the code of this notebook, please install the packages:\n",
    "- `Plots`\n",
    "- `PlotlyJS`\n",
    "\n",
    "and run the following code to load the packages:"
   ]
  },
  {
   "cell_type": "code",
   "execution_count": null,
   "metadata": {
    "slideshow": {
     "slide_type": "skip"
    }
   },
   "outputs": [],
   "source": [
    "using Plots, DataFrames, Distributions, JuMP, Gurobi, Interact\n",
    "plotlyjs()"
   ]
  },
  {
   "cell_type": "markdown",
   "metadata": {
    "slideshow": {
     "slide_type": "slide"
    }
   },
   "source": [
    "# Section 1: Why Julia?\n",
    "\n",
    "Quoting the [Julia website](http://julialang.org):\n",
    "> Julia is a **high-level**, **high-performance** **dynamic** programming language for **technical computing**, with syntax that is familiar to users of other technical computing environments. It provides a sophisticated compiler, distributed parallel execution, numerical accuracy, and an extensive mathematical function library."
   ]
  },
  {
   "cell_type": "markdown",
   "metadata": {
    "slideshow": {
     "slide_type": "slide"
    }
   },
   "source": [
    "A **high-level** language:\n",
    "\n",
    "- Easy to use and learn, with a similar syntax to Python/Matlab. \n",
    "- It is possible to do complicated computations quickly."
   ]
  },
  {
   "cell_type": "markdown",
   "metadata": {
    "slideshow": {
     "slide_type": "subslide"
    }
   },
   "source": [
    "For example, to get the sum of all the squares of all the numbers than 1 million:"
   ]
  },
  {
   "cell_type": "code",
   "execution_count": null,
   "metadata": {
    "slideshow": {
     "slide_type": "fragment"
    }
   },
   "outputs": [],
   "source": [
    "sum(n^2 for n in 1:1_000_000)"
   ]
  },
  {
   "cell_type": "markdown",
   "metadata": {
    "slideshow": {
     "slide_type": "slide"
    }
   },
   "source": [
    "A **dynamic** language:\n",
    "\n",
    "- Julia is, like Python, Matlab or R, a dynamic language: you can interact with the language without the need to compile your code. It is easy to use it for prototyping or presenting results."
   ]
  },
  {
   "cell_type": "markdown",
   "metadata": {
    "slideshow": {
     "slide_type": "slide"
    }
   },
   "source": [
    "A **high-performance** language: Julia is fast. Vanilla Julia code can reach performance comparable to C and Fortran (i.e., **very fast**).\n",
    "<a href=\"http://nbviewer.jupyter.org/url/julialang.org/benchmarks/benchmarks.ipynb\"><img src=\"figures/Julia-benchmarks.png\" alt=\"Julia\" style=\"width: 1500px;\"/></a>"
   ]
  },
  {
   "cell_type": "markdown",
   "metadata": {
    "slideshow": {
     "slide_type": "slide"
    }
   },
   "source": [
    "A language for **technical computing**:\n",
    "- Julia has a lot of built in functions for scientific computing.\n",
    "- A growing number of packages, mostly written in Julia itself.\n",
    "- Powerful editors like *Jupyter* (used for this presentation)\n",
    "- More and more users in Finance, Biology, Optimization, Analytics...\n",
    "\n",
    "> Julia is a perfect compagnon for **Sports Analytics**\n"
   ]
  },
  {
   "cell_type": "code",
   "execution_count": 179,
   "metadata": {
    "slideshow": {
     "slide_type": "slide"
    }
   },
   "outputs": [
    {
     "data": {
      "text/html": [
       "<div id=\"80be9bb9-8e27-4eca-a91a-5dea711baeaf\" class=\"plotly-graph-div\"></div>\n",
       "\n",
       "<script>\n",
       "    window.PLOTLYENV=window.PLOTLYENV || {};\n",
       "    window.PLOTLYENV.BASE_URL=\"https://plot.ly\";\n",
       "    require(['plotly'], function(Plotly) {\n",
       "        Plotly.newPlot('80be9bb9-8e27-4eca-a91a-5dea711baeaf', [{\"xaxis\":\"x\",\"colorbar\":{\"title\":\"\"},\"colorscale\":[[0.0,\"rgba(0, 0, 4, 1.000)\"],[0.034482758620689655,\"rgba(4, 3, 20, 1.000)\"],[0.06896551724137931,\"rgba(13, 8, 41, 1.000)\"],[0.10344827586206896,\"rgba(24, 12, 60, 1.000)\"],[0.13793103448275862,\"rgba(38, 12, 81, 1.000)\"],[0.1724137931034483,\"rgba(54, 9, 97, 1.000)\"],[0.20689655172413793,\"rgba(69, 10, 105, 1.000)\"],[0.2413793103448276,\"rgba(84, 15, 109, 1.000)\"],[0.27586206896551724,\"rgba(97, 19, 110, 1.000)\"],[0.3103448275862069,\"rgba(111, 25, 110, 1.000)\"],[0.3448275862068966,\"rgba(125, 30, 109, 1.000)\"],[0.3793103448275862,\"rgba(140, 35, 105, 1.000)\"],[0.41379310344827586,\"rgba(154, 40, 101, 1.000)\"],[0.4482758620689655,\"rgba(166, 45, 96, 1.000)\"],[0.4827586206896552,\"rgba(180, 51, 89, 1.000)\"],[0.5172413793103449,\"rgba(193, 58, 80, 1.000)\"],[0.5517241379310345,\"rgba(206, 67, 71, 1.000)\"],[0.5862068965517241,\"rgba(216, 76, 62, 1.000)\"],[0.6206896551724138,\"rgba(226, 87, 52, 1.000)\"],[0.6551724137931034,\"rgba(235, 100, 41, 1.000)\"],[0.6896551724137931,\"rgba(241, 115, 29, 1.000)\"],[0.7241379310344828,\"rgba(247, 130, 18, 1.000)\"],[0.7586206896551724,\"rgba(250, 144, 8, 1.000)\"],[0.7931034482758621,\"rgba(252, 161, 8, 1.000)\"],[0.8275862068965517,\"rgba(252, 178, 22, 1.000)\"],[0.8620689655172413,\"rgba(250, 196, 42, 1.000)\"],[0.896551724137931,\"rgba(246, 213, 67, 1.000)\"],[0.9310344827586207,\"rgba(243, 229, 93, 1.000)\"],[0.9655172413793104,\"rgba(242, 244, 130, 1.000)\"],[1.0,\"rgba(252, 255, 164, 1.000)\"]],\"yaxis\":\"y\",\"showscale\":false,\"x\":[-15.0,-14.696969696969697,-14.393939393939394,-14.090909090909092,-13.787878787878787,-13.484848484848484,-13.181818181818182,-12.878787878787879,-12.575757575757576,-12.272727272727273,-11.969696969696969,-11.666666666666666,-11.363636363636363,-11.06060606060606,-10.757575757575758,-10.454545454545455,-10.151515151515152,-9.848484848484848,-9.545454545454545,-9.242424242424242,-8.93939393939394,-8.636363636363637,-8.333333333333334,-8.030303030303031,-7.7272727272727275,-7.424242424242424,-7.121212121212121,-6.818181818181818,-6.515151515151516,-6.212121212121212,-5.909090909090909,-5.606060606060606,-5.303030303030303,-5.0,-4.696969696969697,-4.393939393939394,-4.090909090909091,-3.787878787878788,-3.484848484848485,-3.1818181818181817,-2.878787878787879,-2.5757575757575757,-2.272727272727273,-1.9696969696969697,-1.6666666666666667,-1.3636363636363635,-1.0606060606060606,-0.7575757575757576,-0.45454545454545453,-0.15151515151515152,0.15151515151515152,0.45454545454545453,0.7575757575757576,1.0606060606060606,1.3636363636363635,1.6666666666666667,1.9696969696969697,2.272727272727273,2.5757575757575757,2.878787878787879,3.1818181818181817,3.484848484848485,3.787878787878788,4.090909090909091,4.393939393939394,4.696969696969697,5.0,5.303030303030303,5.606060606060606,5.909090909090909,6.212121212121212,6.515151515151516,6.818181818181818,7.121212121212121,7.424242424242424,7.7272727272727275,8.030303030303031,8.333333333333334,8.636363636363637,8.93939393939394,9.242424242424242,9.545454545454545,9.848484848484848,10.151515151515152,10.454545454545455,10.757575757575758,11.06060606060606,11.363636363636363,11.666666666666666,11.969696969696969,12.272727272727273,12.575757575757576,12.878787878787879,13.181818181818182,13.484848484848484,13.787878787878787,14.090909090909092,14.393939393939394,14.696969696969697,15.0],\"showlegend\":false,\"name\":\"y1\",\"opacity\":null,\"z\":[[0.03308397571600785,0.039840132948875145,0.044869235458534974,0.047968716269413014,0.04902942664694509,0.048035982065259455,0.045062442981382,0.04026390757717391,0.03386477118316295,0.026144524989423046,0.0174220233212282,0.008039146696742184,-0.0016552669514648163,-0.011320449439103146,-0.02063704690527454,-0.029318295346726548,-0.03711870559866005,-0.043840100666467555,-0.04933500256984384,-0.05350750210628665,-0.05631185740358485,-0.057749152236028056,-0.057862401401419065,-0.056730518530710455,-0.054461563727407895,-0.05118566790022959,-0.04704799193491368,-0.04220202679888418,-0.036803480226239096,-0.031004931489173278,-0.02495137211711175,-0.0187766907705066,-0.012601107496256403,-0.006529518120061781,-0.0006506745768519505,0.004962898195953091,0.01025436395052579,0.01518153779651087,0.01971547217212081,0.02383878251307178,0.027543818726980727,0.03083077542452662,0.033705819199625314,0.03617929627454662,0.038264069497417716,0.03997402072592137,0.04132274354098073,0.042322442271922375,0.04298304654238855,0.043311545853369555,0.043311545853369555,0.04298304654238855,0.042322442271922375,0.04132274354098073,0.03997402072592137,0.038264069497417716,0.03617929627454662,0.033705819199625314,0.03083077542452662,0.027543818726980727,0.02383878251307178,0.01971547217212081,0.01518153779651087,0.01025436395052579,0.004962898195953091,-0.0006506745768519505,-0.006529518120061781,-0.012601107496256403,-0.0187766907705066,-0.02495137211711175,-0.031004931489173278,-0.036803480226239096,-0.04220202679888418,-0.04704799193491368,-0.05118566790022959,-0.054461563727407895,-0.056730518530710455,-0.057862401401419065,-0.057749152236028056,-0.05631185740358485,-0.05350750210628665,-0.04933500256984384,-0.043840100666467555,-0.03711870559866005,-0.029318295346726548,-0.02063704690527454,-0.011320449439103146,-0.0016552669514648163,0.008039146696742184,0.0174220233212282,0.026144524989423046,0.03386477118316295,0.04026390757717391,0.045062442981382,0.048035982065259455,0.04902942664694509,0.047968716269413014,0.044869235458534974,0.039840132948875145,0.03308397571600785],[0.039840132948875145,0.04495493763537952,0.04805677210790905,0.04902682259719748,0.04784773258915705,0.04459941345197983,0.03945022857429819,0.03264435903210599,0.024486306581204417,0.01532356848631019,0.005528529860431201,-0.004519431493641449,-0.014450736163424776,-0.02392054313800989,-0.032621264523398766,-0.040292268268752214,-0.046726571630335445,-0.05177450784047425,-0.05534450888010908,-0.057401281092835675,-0.05796175289076226,-0.05708924280142444,-0.05488633177615094,-0.051486928264543715,-0.04704799193491368,-0.04174133712573377,-0.03574587585773382,-0.0292405884306688,-0.02239843296861245,-0.015381328902920682,-0.00833627762578144,-0.001392619777966658,0.00533962481068575,0.011770430309218654,0.017829576750085393,0.023465744266596308,0.028645040979410844,0.03334911432703381,0.03757298687920921,0.04132274354098073,0.044613179421011576,0.04746549823175472,0.04990513142016209,0.05195972953152015,0.05365736052513688,0.05502493553237156,0.05608687124036521,0.05686398981663361,0.05737265196777589,0.05762411608627657,0.05762411608627657,0.05737265196777589,0.05686398981663361,0.05608687124036521,0.05502493553237156,0.05365736052513688,0.05195972953152015,0.04990513142016209,0.04746549823175472,0.044613179421011576,0.04132274354098073,0.03757298687920921,0.03334911432703381,0.028645040979410844,0.023465744266596308,0.017829576750085393,0.011770430309218654,0.00533962481068575,-0.001392619777966658,-0.00833627762578144,-0.015381328902920682,-0.02239843296861245,-0.0292405884306688,-0.03574587585773382,-0.04174133712573377,-0.04704799193491368,-0.051486928264543715,-0.05488633177615094,-0.05708924280142444,-0.05796175289076226,-0.057401281092835675,-0.05534450888010908,-0.05177450784047425,-0.046726571630335445,-0.040292268268752214,-0.032621264523398766,-0.02392054313800989,-0.014450736163424776,-0.004519431493641449,0.005528529860431201,0.01532356848631019,0.024486306581204417,0.03264435903210599,0.03945022857429819,0.04459941345197983,0.04784773258915705,0.04902682259719748,0.04805677210790905,0.04495493763537952,0.039840132948875145],[0.044869235458534974,0.04805677210790905,0.04902395840647723,0.04774744766736953,0.0443094554303069,0.03888872481758968,0.03174711699172786,0.02321286234141089,0.013661614977628645,0.003496482995857343,-0.006871835176947143,-0.017043782906950317,-0.026647675670189195,-0.03535375026164215,-0.04288506507238783,-0.0490250005346654,-0.05362131741366259,-0.056586919108695746,-0.05789762336797418,-0.05758737259106064,-0.05574139695451234,-0.05248789056110173,-0.04798876981756599,-0.042430059489145446,-0.036012401076925805,-0.02894210696729459,-0.02142309922920774,-0.013649980851727039,-0.005802395904564501,0.001959251063772851,0.009496722867571774,0.016695595663628958,0.02346574426659642,0.029740823583505323,0.03547692424202161,0.04065058871401229,0.045256371223928483,0.049304112676661245,0.052816083101339624,0.05582412102690327,0.05836687395834129,0.060487218613651104,0.06222991537622906,0.06363952971095566,0.06475863491023193,0.06562629595850171,0.06627682370522901,0.0667387818368397,0.06703422605558862,0.06717815497376717,0.06717815497376717,0.06703422605558862,0.0667387818368397,0.06627682370522901,0.06562629595850171,0.06475863491023193,0.06363952971095566,0.06222991537622906,0.060487218613651104,0.05836687395834129,0.05582412102690327,0.052816083101339624,0.049304112676661245,0.045256371223928483,0.04065058871401229,0.03547692424202161,0.029740823583505323,0.02346574426659642,0.016695595663628958,0.009496722867571774,0.001959251063772851,-0.005802395904564501,-0.013649980851727039,-0.02142309922920774,-0.02894210696729459,-0.036012401076925805,-0.042430059489145446,-0.04798876981756599,-0.05248789056110173,-0.05574139695451234,-0.05758737259106064,-0.05789762336797418,-0.056586919108695746,-0.05362131741366259,-0.0490250005346654,-0.04288506507238783,-0.03535375026164215,-0.026647675670189195,-0.017043782906950317,-0.006871835176947143,0.003496482995857343,0.013661614977628645,0.02321286234141089,0.03174711699172786,0.03888872481758968,0.0443094554303069,0.04774744766736953,0.04902395840647723,0.04805677210790905,0.044869235458534974],[0.047968716269413014,0.04902682259719748,0.04774744766736953,0.044210784537968235,0.038602303186439126,0.031198739984903575,0.02235018801935315,0.012459538652865296,0.0019605800024743566,-0.008703969940394095,-0.01910331990937537,-0.028837339193059808,-0.03755236453300984,-0.04495351213419379,-0.050813173508427026,-0.05497561469296459,-0.05735781911032961,-0.05794690354550419,-0.05679458628864509,-0.05400929177536611,-0.04974653579218371,-0.04419825131802136,-0.03758169174223366,-0.030128491900169564,-0.02207438575145912,-0.013649980851727039,-0.005072882262054393,0.003458650150594479,0.01177043030921854,0.01971547217212081,0.027175603223910334,0.0340617156901945,0.040312848970240116,0.045894322295321255,0.05079514603193117,0.055024935532371484,0.05861053566231704,0.06159254001296529,0.06402185924413074,0.06595646072615369,0.06745836904547507,0.06859098598359356,0.06941676078055266,0.06999521789500208,0.070381330681115,0.0706242156450438,0.07076611313342239,0.0708416161154393,0.07087710864766099,0.07089037904483443,0.07089037904483443,0.07087710864766099,0.0708416161154393,0.07076611313342239,0.0706242156450438,0.070381330681115,0.06999521789500208,0.06941676078055266,0.06859098598359356,0.06745836904547507,0.06595646072615369,0.06402185924413074,0.06159254001296529,0.05861053566231704,0.055024935532371484,0.05079514603193117,0.045894322295321255,0.040312848970240116,0.0340617156901945,0.027175603223910334,0.01971547217212081,0.01177043030921854,0.003458650150594479,-0.005072882262054393,-0.013649980851727039,-0.02207438575145912,-0.030128491900169564,-0.03758169174223366,-0.04419825131802136,-0.04974653579218371,-0.05400929177536611,-0.05679458628864509,-0.05794690354550419,-0.05735781911032961,-0.05497561469296459,-0.050813173508427026,-0.04495351213419379,-0.03755236453300984,-0.028837339193059808,-0.01910331990937537,-0.008703969940394095,0.0019605800024743566,0.012459538652865296,0.02235018801935315,0.031198739984903575,0.038602303186439126,0.044210784537968235,0.04774744766736953,0.04902682259719748,0.047968716269413014],[0.04902942664694509,0.04784773258915705,0.0443094554303069,0.038602303186439126,0.031014293836057638,0.021914834032030626,0.011732601849878984,0.0009316759689209938,-0.010012652992984204,-0.02063704690527454,-0.030511085428990992,-0.03925508100366422,-0.046554053220324916,-0.05216745047396592,-0.055934483125418766,-0.057775189760210593,-0.05768758237413737,-0.05574139695451234,-0.05206910645388839,-0.04685493105103623,-0.040322607058464126,-0.03272265526880836,-0.02431982886255468,-0.015381328902920682,-0.006166261535246254,0.0030833149333465634,0.012149533617579549,0.020843957169104612,0.02901092553813763,0.03652912271605804,0.04331154585336965,0.049304112676661245,0.054483174340492546,0.05885221228226922,0.06243799184433114,0.06528642560206205,0.06745836904547511,0.06902553410375627,0.0700666653724776,0.07066408280336309,0.07090065553030186,0.07085723633506179,0.07061055631425589,0.07023155535429113,0.06978410632739088,0.0693240793680597,0.0688986867564848,0.06854604820196825,0.06829491994705447,0.0681645383150201,0.0681645383150201,0.06829491994705447,0.06854604820196825,0.0688986867564848,0.0693240793680597,0.06978410632739088,0.07023155535429113,0.07061055631425589,0.07085723633506179,0.07090065553030186,0.07066408280336309,0.0700666653724776,0.06902553410375627,0.06745836904547511,0.06528642560206205,0.06243799184433114,0.05885221228226922,0.054483174340492546,0.049304112676661245,0.04331154585336965,0.03652912271605804,0.02901092553813763,0.020843957169104612,0.012149533617579549,0.0030833149333465634,-0.006166261535246254,-0.015381328902920682,-0.02431982886255468,-0.03272265526880836,-0.040322607058464126,-0.04685493105103623,-0.05206910645388839,-0.05574139695451234,-0.05768758237413737,-0.057775189760210593,-0.055934483125418766,-0.05216745047396592,-0.046554053220324916,-0.03925508100366422,-0.030511085428990992,-0.02063704690527454,-0.010012652992984204,0.0009316759689209938,0.011732601849878984,0.021914834032030626,0.031014293836057638,0.038602303186439126,0.0443094554303069,0.04784773258915705,0.04902942664694509],[0.048035982065259455,0.04459941345197983,0.03888872481758968,0.031198739984903575,0.021914834032030626,0.011489371123496584,0.00041587183229844506,-0.010797488378184257,-0.021653525701764074,-0.03168948148340901,-0.0404971201996834,-0.04773865387081689,-0.053157965528754195,-0.056586919108695746,-0.057946841541296576,-0.05724552755666121,-0.05457033538509976,-0.05007810325447099,-0.04398271807761138,-0.03654120917117246,-0.02803922536436066,-0.0187766907705066,-0.009054332469858494,0.0008383565558446146,0.01063330217209986,0.02009191597860429,0.02901092553813763,0.03722598276589978,0.044613179421011576,0.051088689080027255,0.05660681967660909,0.06115679958488613,0.06475863491023193,0.06745836904547511,0.06932305147179885,0.0704356855455041,0.07089037904483443,0.07078787077937386,0.07023155535429113,0.0693240793680597,0.0681645383150201,0.0668462659253842,0.06545517755768823,0.0640686068897807,0.06275456035095342,0.0615713059349709,0.0605672114148767,0.059780750596008674,0.05924060411061976,0.058965792433943814,0.058965792433943814,0.05924060411061976,0.059780750596008674,0.0605672114148767,0.0615713059349709,0.06275456035095342,0.0640686068897807,0.06545517755768823,0.0668462659253842,0.0681645383150201,0.0693240793680597,0.07023155535429113,0.07078787077937386,0.07089037904483443,0.0704356855455041,0.06932305147179885,0.06745836904547511,0.06475863491023193,0.06115679958488613,0.05660681967660909,0.051088689080027255,0.044613179421011576,0.03722598276589978,0.02901092553813763,0.02009191597860429,0.01063330217209986,0.0008383565558446146,-0.009054332469858494,-0.0187766907705066,-0.02803922536436066,-0.03654120917117246,-0.04398271807761138,-0.05007810325447099,-0.05457033538509976,-0.05724552755666121,-0.057946841541296576,-0.056586919108695746,-0.053157965528754195,-0.04773865387081689,-0.0404971201996834,-0.03168948148340901,-0.021653525701764074,-0.010797488378184257,0.00041587183229844506,0.011489371123496584,0.021914834032030626,0.031198739984903575,0.03888872481758968,0.04459941345197983,0.048035982065259455],[0.045062442981382,0.03945022857429819,0.03174711699172786,0.02235018801935315,0.011732601849878984,0.00041587183229844506,-0.011058999438072868,-0.022159802062870958,-0.03238925703458274,-0.0413076912654886,-0.04855123524130993,-0.05384487208326089,-0.05701002213492849,-0.05796669083359307,-0.056730518530710455,-0.053405332223584255,-0.04817199894182615,-0.0412745121984672,-0.03300430510140327,-0.023683779847876358,-0.013649980851726931,-0.003239228212439356,0.007226617849540876,0.0174517591847731,0.027175603223910334,0.03617929627454662,0.04428965512723846,0.05138064367477349,0.05737265196777589,0.06222991537622906,0.06595646072615373,0.06859098598359359,0.07020107351648616,0.07087710864766099,0.07072623030232411,0.06986658447202643,0.06842208920541692,0.0665178566199731,0.06427635697945146,0.06181435527445427,0.05924060411061976,0.056654239273237865,0.054143796508954165,0.05178674958429492,0.049649459782009756,0.047787424582060534,0.04624571707666153,0.0450595163904599,0.04425464180061777,0.04384801831612723,0.04384801831612723,0.04425464180061777,0.0450595163904599,0.04624571707666153,0.047787424582060534,0.049649459782009756,0.05178674958429492,0.054143796508954165,0.056654239273237865,0.05924060411061976,0.06181435527445427,0.06427635697945146,0.0665178566199731,0.06842208920541692,0.06986658447202643,0.07072623030232411,0.07087710864766099,0.07020107351648616,0.06859098598359359,0.06595646072615373,0.06222991537622906,0.05737265196777589,0.05138064367477349,0.04428965512723846,0.03617929627454662,0.027175603223910334,0.0174517591847731,0.007226617849540876,-0.003239228212439356,-0.013649980851726931,-0.023683779847876358,-0.03300430510140327,-0.0412745121984672,-0.04817199894182615,-0.053405332223584255,-0.056730518530710455,-0.05796669083359307,-0.05701002213492849,-0.05384487208326089,-0.04855123524130993,-0.0413076912654886,-0.03238925703458274,-0.022159802062870958,-0.011058999438072868,0.00041587183229844506,0.011732601849878984,0.02235018801935315,0.03174711699172786,0.03945022857429819,0.045062442981382],[0.04026390757717391,0.03264435903210599,0.02321286234141089,0.012459538652865296,0.0009316759689209938,-0.010797488378184257,-0.022159802062870958,-0.032621264523398766,-0.041707583555533216,-0.0490250005346654,-0.05427553661364112,-0.057266209230492776,-0.057912160727175366,-0.0562340035863024,-0.05234999875912302,-0.04646392917024501,-0.0388497001010192,-0.029833788217378508,-0.019776673702514395,-0.009054332469858494,0.001959251063772851,0.012907751737292857,0.023465744266596308,0.03334911432703381,0.042322442271922375,0.05020335265914833,0.05686398981663361,0.06222991537622906,0.06627682370522901,0.06902553410375627,0.07053574581891486,0.07089903685400539,0.07023155535429113,0.06866679918331703,0.0663488117475138,0.06342604665633973,0.06004607634427743,0.05635124537248571,0.05247530172573874,0.04854098180044395,0.04465847855766609,0.04092468805135567,0.037423106909593676,0.03422424133918704,0.031386385377482555,0.028956630724414532,0.026971980798596275,0.025460456028996343,0.02444209439844951,0.0239297697723094,0.0239297697723094,0.02444209439844951,0.025460456028996343,0.026971980798596275,0.028956630724414532,0.031386385377482555,0.03422424133918704,0.037423106909593676,0.04092468805135567,0.04465847855766609,0.04854098180044395,0.05247530172573874,0.05635124537248571,0.06004607634427743,0.06342604665633973,0.0663488117475138,0.06866679918331703,0.07023155535429113,0.07089903685400539,0.07053574581891486,0.06902553410375627,0.06627682370522901,0.06222991537622906,0.05686398981663361,0.05020335265914833,0.042322442271922375,0.03334911432703381,0.023465744266596308,0.012907751737292857,0.001959251063772851,-0.009054332469858494,-0.019776673702514395,-0.029833788217378508,-0.0388497001010192,-0.04646392917024501,-0.05234999875912302,-0.0562340035863024,-0.057912160727175366,-0.057266209230492776,-0.05427553661364112,-0.0490250005346654,-0.041707583555533216,-0.032621264523398766,-0.022159802062870958,-0.010797488378184257,0.0009316759689209938,0.012459538652865296,0.02321286234141089,0.03264435903210599,0.04026390757717391],[0.03386477118316295,0.024486306581204417,0.013661614977628645,0.0019605800024743566,-0.010012652992984204,-0.021653525701764074,-0.03238925703458274,-0.041707583555533216,-0.049180589607468,-0.054482566857967346,-0.057401281092835675,-0.05784246791836398,-0.05582779874168455,-0.051486928264543715,-0.045044534671769255,-0.036803480226239096,-0.027125346558624155,-0.016409635805190788,-0.005072882262054281,0.006471199183607762,0.017829576750085393,0.028645040979410844,0.03860811847138568,0.04746549823175472,0.055024935532371484,0.06115679958488613,0.06579259757645244,0.06892093256384209,0.07058143382897773,0.0708572363350618,0.06986658447202643,0.06775410009375404,0.06468219312319443,0.060823012645742525,0.05635124537248571,0.0514379740347716,0.04624571707666163,0.04092468805135567,0.03561024205991464,0.030421419588091407,0.025460456028996343,0.020813097683637725,0.01654955084607925,0.012725887802644954,0.009385739942788325,0.006562121328279254,0.004279243748868568,0.0025542045426186015,0.0013984497108874927,0.0008189359996358037,0.0008189359996358037,0.0013984497108874927,0.0025542045426186015,0.004279243748868568,0.006562121328279254,0.009385739942788325,0.012725887802644954,0.01654955084607925,0.020813097683637725,0.025460456028996343,0.030421419588091407,0.03561024205991464,0.04092468805135567,0.04624571707666163,0.0514379740347716,0.05635124537248571,0.060823012645742525,0.06468219312319443,0.06775410009375404,0.06986658447202643,0.0708572363350618,0.07058143382897773,0.06892093256384209,0.06579259757645244,0.06115679958488613,0.055024935532371484,0.04746549823175472,0.03860811847138568,0.028645040979410844,0.017829576750085393,0.006471199183607762,-0.005072882262054281,-0.016409635805190788,-0.027125346558624155,-0.036803480226239096,-0.045044534671769255,-0.051486928264543715,-0.05582779874168455,-0.05784246791836398,-0.057401281092835675,-0.054482566857967346,-0.049180589607468,-0.041707583555533216,-0.03238925703458274,-0.021653525701764074,-0.010012652992984204,0.0019605800024743566,0.013661614977628645,0.024486306581204417,0.03386477118316295],[0.026144524989423046,0.01532356848631019,0.003496482995857343,-0.008703969940394095,-0.02063704690527454,-0.03168948148340901,-0.0413076912654886,-0.0490250005346654,-0.054482566857967346,-0.05744317629365129,-0.0577975680668715,-0.05556343054942987,-0.050877645162586464,-0.04398271807761138,-0.03520861306761574,-0.02495137211711175,-0.013649980851727039,-0.0017629082982129024,0.01025436395052579,0.021969693351549403,0.032991615732606276,0.04298304654238846,0.05167099531822454,0.05885221228226915,0.0643949277733496,0.06823704848523561,0.07038133068111502,0.07088815544793912,0.06986658447202643,0.06746438015244466,0.06385763736575802,0.05924060411061976,0.05381617397838898,0.04778742458206063,0.04135046192587486,0.03468871933187965,0.027968757569801866,0.021337525119457378,0.014920967059927105,0.008823819212658991,0.00313039061680047,-0.0020938793058104133,-0.0068003048185334624,-0.01095448586028039,-0.01453367703387915,-0.01752415971428213,-0.019918757820909343,-0.02171461181928668,-0.022911300765720916,-0.023509379686602522,-0.023509379686602522,-0.022911300765720916,-0.02171461181928668,-0.019918757820909343,-0.01752415971428213,-0.01453367703387915,-0.01095448586028039,-0.0068003048185334624,-0.0020938793058104133,0.00313039061680047,0.008823819212658991,0.014920967059927105,0.021337525119457378,0.027968757569801866,0.03468871933187965,0.04135046192587486,0.04778742458206063,0.05381617397838898,0.05924060411061976,0.06385763736575802,0.06746438015244466,0.06986658447202643,0.07088815544793912,0.07038133068111502,0.06823704848523561,0.0643949277733496,0.05885221228226915,0.05167099531822454,0.04298304654238846,0.032991615732606276,0.021969693351549403,0.01025436395052579,-0.0017629082982129024,-0.013649980851727039,-0.02495137211711175,-0.03520861306761574,-0.04398271807761138,-0.050877645162586464,-0.05556343054942987,-0.0577975680668715,-0.05744317629365129,-0.054482566857967346,-0.0490250005346654,-0.0413076912654886,-0.03168948148340901,-0.02063704690527454,-0.008703969940394095,0.003496482995857343,0.01532356848631019,0.026144524989423046],[0.0174220233212282,0.005528529860431201,-0.006871835176947143,-0.01910331990937537,-0.030511085428990992,-0.0404971201996834,-0.04855123524130993,-0.05427553661364112,-0.057401281092835675,-0.0577975680668715,-0.05547186565366488,-0.050562875006640036,-0.043326672373469335,-0.03411740975334424,-0.02336408654475344,-0.011545019957395144,0.000838356555844728,0.013286839960107091,0.025326612321354757,0.03652912271605815,0.04652691471244768,0.05502493553237156,0.06180717635079751,0.06673878183683975,0.06976401464798809,0.07090065553030186,0.07023155535429111,0.06789413016030783,0.0640686068897807,0.05896579243394374,0.0528150611866357,0.045853147396799805,0.038314199899238975,0.030421419588091286,0.022380464522446044,0.014374682356643626,0.006562121328279254,-0.0009258164678018986,-0.007984280324978891,-0.014533677033879292,-0.020517440375822465,-0.025899128214952938,-0.03065909829347702,-0.03479098997054096,-0.038298208557330134,-0.041190575279349474,-0.043481272353606173,-0.04518418158383109,-0.04631168782744523,-0.04687299644624491,-0.04687299644624491,-0.04631168782744523,-0.04518418158383109,-0.043481272353606173,-0.041190575279349474,-0.038298208557330134,-0.03479098997054096,-0.03065909829347702,-0.025899128214952938,-0.020517440375822465,-0.014533677033879292,-0.007984280324978891,-0.0009258164678018986,0.006562121328279254,0.014374682356643626,0.022380464522446044,0.030421419588091286,0.038314199899238975,0.045853147396799805,0.0528150611866357,0.05896579243394374,0.0640686068897807,0.06789413016030783,0.07023155535429111,0.07090065553030186,0.06976401464798809,0.06673878183683975,0.06180717635079751,0.05502493553237156,0.04652691471244768,0.03652912271605815,0.025326612321354757,0.013286839960107091,0.000838356555844728,-0.011545019957395144,-0.02336408654475344,-0.03411740975334424,-0.043326672373469335,-0.050562875006640036,-0.05547186565366488,-0.0577975680668715,-0.057401281092835675,-0.05427553661364112,-0.04855123524130993,-0.0404971201996834,-0.030511085428990992,-0.01910331990937537,-0.006871835176947143,0.005528529860431201,0.0174220233212282],[0.008039146696742184,-0.004519431493641449,-0.017043782906950317,-0.028837339193059808,-0.03925508100366422,-0.04773865387081689,-0.05384487208326089,-0.057266209230492776,-0.05784246791836398,-0.05556343054942987,-0.050562875006640036,-0.04310485553563206,-0.033563569450183905,-0.02239843296861245,-0.010126163022369915,0.0027082951612811316,0.015560234561672036,0.027911473132500562,0.039293157885911464,0.04930411267666133,0.05762411608627665,0.0640218592441308,0.06835767549686637,0.07058143382897775,0.07072623030232411,0.06889868675648478,0.06526676970156106,0.06004607634427735,0.05348550535987147,0.045853147396799805,0.037423106909593565,0.028463816522622393,0.019228241537985715,0.009946208211837814,0.0008189359996355214,-0.007984280324978891,-0.016327402076598656,-0.02410723617382973,-0.03125157984012261,-0.037716242977408075,-0.043481272353606173,-0.04854668412549751,-0.05292797942986003,-0.056651677034980454,-0.05975105225245909,-0.062262226719842835,-0.06422071266153892,-0.06565848021149588,-0.06660158871106052,-0.06706840298453029,-0.06706840298453029,-0.06660158871106052,-0.06565848021149588,-0.06422071266153892,-0.062262226719842835,-0.05975105225245909,-0.056651677034980454,-0.05292797942986003,-0.04854668412549751,-0.043481272353606173,-0.037716242977408075,-0.03125157984012261,-0.02410723617382973,-0.016327402076598656,-0.007984280324978891,0.0008189359996355214,0.009946208211837814,0.019228241537985715,0.028463816522622393,0.037423106909593565,0.045853147396799805,0.05348550535987147,0.06004607634427735,0.06526676970156106,0.06889868675648478,0.07072623030232411,0.07058143382897775,0.06835767549686637,0.0640218592441308,0.05762411608627665,0.04930411267666133,0.039293157885911464,0.027911473132500562,0.015560234561672036,0.0027082951612811316,-0.010126163022369915,-0.02239843296861245,-0.033563569450183905,-0.04310485553563206,-0.050562875006640036,-0.05556343054942987,-0.05784246791836398,-0.057266209230492776,-0.05384487208326089,-0.04773865387081689,-0.03925508100366422,-0.028837339193059808,-0.017043782906950317,-0.004519431493641449,0.008039146696742184],[-0.0016552669514648163,-0.014450736163424776,-0.026647675670189195,-0.03755236453300984,-0.046554053220324916,-0.053157965528754195,-0.05701002213492849,-0.057912160727175366,-0.05582779874168455,-0.050877645162586464,-0.043326672373469335,-0.033563569450183905,-0.022074385751458914,-0.009412320275286759,0.0038342884812938055,0.017073760919877817,0.029740823583505323,0.04132274354098083,0.051380643674773574,0.05956519462863355,0.06562629595850171,0.06941676078055266,0.07089037904483443,0.07009503410800272,0.06716177164166486,0.06229086205946689,0.05573595720287385,0.04778742458206063,0.03875585848522518,0.028956630724414532,0.018696170694448434,0.008260471371486928,-0.002093879305810555,-0.012146029592002772,-0.02171461181928668,-0.030659098293476877,-0.03887905964928462,-0.0463116878274451,-0.05292797942986003,-0.05872797831821105,-0.06373545424276778,-0.06799235329624667,-0.07155330268643964,-0.07448039307571006,-0.07683840221889131,-0.07869056850662232,-0.08009497575618409,-0.08110157339559301,-0.08174983004818073,-0.0820670033267458,-0.0820670033267458,-0.08174983004818073,-0.08110157339559301,-0.08009497575618409,-0.07869056850662232,-0.07683840221889131,-0.07448039307571006,-0.07155330268643964,-0.06799235329624667,-0.06373545424276778,-0.05872797831821105,-0.05292797942986003,-0.0463116878274451,-0.03887905964928462,-0.030659098293476877,-0.02171461181928668,-0.012146029592002772,-0.002093879305810555,0.008260471371486928,0.018696170694448434,0.028956630724414532,0.03875585848522518,0.04778742458206063,0.05573595720287385,0.06229086205946689,0.06716177164166486,0.07009503410800272,0.07089037904483443,0.06941676078055266,0.06562629595850171,0.05956519462863355,0.051380643674773574,0.04132274354098083,0.029740823583505323,0.017073760919877817,0.0038342884812938055,-0.009412320275286759,-0.022074385751458914,-0.033563569450183905,-0.043326672373469335,-0.050877645162586464,-0.05582779874168455,-0.057912160727175366,-0.05701002213492849,-0.053157965528754195,-0.046554053220324916,-0.03755236453300984,-0.026647675670189195,-0.014450736163424776,-0.0016552669514648163],[-0.011320449439103146,-0.02392054313800989,-0.03535375026164215,-0.04495351213419379,-0.05216745047396592,-0.056586919108695746,-0.05796669083359307,-0.0562340035863024,-0.051486928264543715,-0.04398271807761138,-0.03411740975334424,-0.02239843296861245,-0.009412320275286759,0.004210217550877925,0.017829576750085393,0.03083077542452662,0.042653340420507446,0.052816083101339624,0.06093572199045153,0.06673878183683975,0.0700666653724776,0.07087422411463744,0.06922252183951684,0.0652667697015611,0.05924060411061976,0.0514379740347716,0.04219390736190714,0.031865346605962803,0.020813097683637725,0.009385739942788325,-0.002093879305810555,-0.013339177513423556,-0.02410723617382959,-0.03420311135023436,-0.043481272353606173,-0.0518445174906229,-0.059240804588609995,-0.06565848021149577,-0.07112039882240555,-0.0756773976631839,-0.07940154233513658,-0.08237949016827462,-0.08470624156539594,-0.08647947101264163,-0.08779455562154809,-0.08874035474390521,-0.0893957426723176,-0.08982685947998995,-0.09008502304685513,-0.09020523745654749,-0.09020523745654749,-0.09008502304685513,-0.08982685947998995,-0.0893957426723176,-0.08874035474390521,-0.08779455562154809,-0.08647947101264163,-0.08470624156539594,-0.08237949016827462,-0.07940154233513658,-0.0756773976631839,-0.07112039882240555,-0.06565848021149577,-0.059240804588609995,-0.0518445174906229,-0.043481272353606173,-0.03420311135023436,-0.02410723617382959,-0.013339177513423556,-0.002093879305810555,0.009385739942788325,0.020813097683637725,0.031865346605962803,0.04219390736190714,0.0514379740347716,0.05924060411061976,0.0652667697015611,0.06922252183951684,0.07087422411463744,0.0700666653724776,0.06673878183683975,0.06093572199045153,0.052816083101339624,0.042653340420507446,0.03083077542452662,0.017829576750085393,0.004210217550877925,-0.009412320275286759,-0.02239843296861245,-0.03411740975334424,-0.04398271807761138,-0.051486928264543715,-0.0562340035863024,-0.05796669083359307,-0.056586919108695746,-0.05216745047396592,-0.04495351213419379,-0.03535375026164215,-0.02392054313800989,-0.011320449439103146],[-0.02063704690527454,-0.032621264523398766,-0.04288506507238783,-0.050813173508427026,-0.055934483125418766,-0.057946841541296576,-0.056730518530710455,-0.05234999875912302,-0.045044534671769255,-0.03520861306761574,-0.02336408654475344,-0.010126163022369915,0.0038342884812938055,0.017829576750085393,0.03119272918330197,0.043311545853369465,0.0536573605251368,0.06180717635079751,0.06745836904547511,0.0704356855455041,0.07069077314431471,0.06829491994705451,0.06342604665633973,0.05635124537248571,0.0474063056275966,0.036973702544705576,0.025460456028996343,0.01327711889478454,0.0008189359996358037,-0.011550041510785918,-0.023509379686602667,-0.03479098997054082,-0.04518418158383096,-0.05453727359781463,-0.0627561716058436,-0.06980043146712864,-0.0756773976631838,-0.08043501979839508,-0.08415392428772779,-0.08693925810028455,-0.08891273752577876,-0.09020523745654749,-0.09095015515213017,-0.09127768512893573,-0.09131005525864253,-0.09115770304131353,-0.09091631812157173,-0.09066464346578294,-0.09046291273907393,-0.09035180363